-177324
-291468
285601
232219
768537
573925
775366
483943
825667
-670020
-252818
548617
785566
195943
-356146
-274193
-239466
390925
277531
-653183
209521
-571362
821204
429858
-474666
387169
222894
-116135
-352390
-452379
672463
374893
-977382
283692
643250
380555
974463
123518
-995445
254030
-960584
657192
-406254
676309
-745138
158403
229844
408974
852921
-421518
-584863
-855635
743028
683266
838514
-864612
-129164
767359
-593538
513615
693848
-709698
-475799
-28400
-688216
156856
-431233
864938
-176239
560700
-772189
571182
-764234
-919926
39269
-350513
946724
149205
386874
-347454
188185
-591869
-793668
783381
-99044
-204770
-218305
148450
254943
423280
-347126
532656
126681
460234
-802392
566294
-333574
555956
263612
-809961
